Input:
n m
h1 h2 ... hn
d1 d2 ... dn
a s
a s
a s

6 5
7 7 7 7 7 14
3 1 4 1 5 9

2 3: 1
1 3 3 4 5 6
7 7 6 7 7 14
0 1 0 0 0 0

2 1: 1+4=5
1 1 1 4 5 6
2 7 6 7 7 14
0 2 1 0 0 0

4 3: 1
1 1 1 1 5 6
1 6 5 7 7 14
0 2 1 1 0 0

1 6: 3+1+4+1=9
6 6 6 6 5 6
1 6 5 7 7 5
1 3 2 2 0 0

6 3: fail

-------------

6 5
7 7 7 7 7 14
3 1 4 1 5 9

1 6: 3
6 2 3 4 5 6
3 7 7 7 7 11
1 0 0 0 0 0

3 2: 4
6 2 2 4 5 6
3 3 7 7 7 11
1 0 1 0 0 0

4 5: 1
6 2 2 5 5 6
3 3 7 7 6 11
1 0 1 1 0 0

5 3: 1+5=6
6 2 2 2 2 6
3 0 1 7 6 11
1 0 1 2 1 0

2 6: fail

-------------

20 10
39 59 54 45 39 56 55 41 52 46 58 42 41 40 42 53 57 53 32 42
15 28 28 24 25 4 15 6 17 11 11 11 16 25 15 14 24 26 29 24
18 1
19 16
20 5
6 13
2 9
15 14
7 4
11 17
3 10
12 8